4294967278,27
4294967278,26
4294967278,25
4294967278,24
4294967278,23
4294967278,22
4294967294,30
4294967294,1167
4294967294,1166
4294967294,1164
4294967294,1163
4294967294,1158
4294967294,1019
4294967294,992
4294967294,990
4294967294,989
4294967294,988
4294967294,987
4294967294,60
4294967279,282
4294967294,12
4294967278,30
4294967278,29
4294967278,28
4294967279,313
4294967279,265
4294967279,263
4294967279,262
4294967279,266
4294967279,275
4294967279,292
4294967278,31
748,0
4294967278,32
4294967279,254
4294967279,253
4294967278,35
4294967278,34
4294967278,33
4294967278,297
4294967278,42
4294967278,41
4294967278,40
4294967278,39
4294967278,38
4294967278,37
4294967278,36
4294967278,425
4294967278,310
4294967278,344
4294967278,343
4294967278,260
4294967278,58
4294967278,57
4294967278,56
4294967278,55
4294967278,54
4294967278,53
4294967278,52
4294967278,51
4294967278,50
4294967278,49
4294967278,48
4294967278,47
4294967278,46
4294967278,45
4294967278,44
4294967278,43
4294967278,436
4294967278,280
4294967278,248
4294967278,329
4294967278,237
4294967278,131
4294967278,129
4294967278,128
4294967278,127
4294967278,126
4294967278,125
4294967278,124
4294967278,123
4294967278,122
4294967278,120
4294967278,117
4294967278,115
4294967278,114
4294967278,113
4294967278,112
4294967278,111
4294967278,110
4294967278,108
4294967278,106
4294967278,101
4294967278,97
4294967278,94
4294967278,91
4294967278,89
4294967278,87
4294967278,86
4294967278,85
4294967278,83
4294967278,81
4294967278,79
4294967278,76
4294967278,74
4294967278,71
4294967278,70
4294967278,65
4294967278,63
4294967278,410
4294967278,252
4294967278,61
4294967278,60
4294967278,59
4294967278,346
4294967278,2
4294967278,0
4294967278,174
4294967279,290
4294967279,559
4294967279,83
4294967279,82
4294967279,81
4294967279,529
4294967279,80
4294967279,259
4294967279,78
4294967279,356
4294967279,77
4294967279,76
4294967279,563
4294967279,75
4294967279,73
4294967279,72
4294967279,71
4294967279,70
4294967279,552
4294967279,69
4294967279,252
4294967279,67
4294967279,365
4294967279,66
4294967279,64
4294967279,63
4294967279,244
4294967279,61
4294967279,543
4294967279,60
4294967279,331
4294967279,59
4294967279,326
4294967279,58
4294967279,549
4294967279,517
4294967279,55
4294967279,573
4294967279,53
4294967279,516
4294967279,52
4294967279,51
4294967279,222
4294967279,50
4294967279,49
4294967279,48
4294967279,550
4294967279,47
4294967279,557
4294967279,46
4294967279,287
4294967279,571
4294967279,44
4294967279,240
4294967279,43
4294967279,353
4294967279,42
4294967279,561
4294967279,41
4294967279,542
4294967279,40
4294967279,38
4294967279,37
4294967279,36
4294967279,335
4294967279,35
4294967279,556
4294967279,34
4294967279,538
4294967279,319
4294967279,33
4294967279,268
4294967279,32
4294967279,314
4294967279,31
4294967279,283
4294967279,30
4294967279,29
4294967279,527
4294967279,28
4294967279,27
4294967279,547
4294967279,26
4294967279,337
4294967279,25
4294967279,238
4294967279,24
4294967279,22
4294967279,21
4294967279,20
4294967279,19
4294967279,18
4294967279,232
4294967279,17
4294967279,16
4294967279,526
4294967279,15
4294967279,13
4294967279,11
4294967279,10
4294967279,9
4294967279,8
4294967279,7
4294967279,88
4294967279,2
4294967279,174
4294967278,230
4294967278,109
4294967278,440
748,7
748,6
489,2
489,4
4294967278,222
4294967278,220
4294967278,103
4294967278,305
4294967279,536
4294967279,260
4294967278,102
4294967278,386
4294967278,100
4294967278,370
4294967278,98
4294967278,334
4294967278,209
767,6
767,5
4294967278,208
767,4
767,3
767,2
767,1
4294967278,93
4294967278,304
4294967278,92
4294967278,225
4294967294,1414
4294967294,996
4294967294,998
4294967294,1012
4294967294,176
4294967279,294
4294967279,84
4294967279,196
4294967278,195
4294967278,194
4294967279,194
4294967294,114
4294967278,193
4294967279,79
4294967279,360
4294967278,69
4294967294,1173
4294967294,388
4294967294,387
4294967294,41
4294967294,38
4294967294,36
4294967278,78
4294967278,294
4294967294,39
4294967294,42
4294967278,77
4294967278,301
4294967294,437
4294967294,45
4294967294,44
4294967294,53
4294967278,411
4294967294,51
4294967278,187
4294967279,558
764,6
764,5
764,4
764,3
764,2
764,1
4294967278,409
4294967294,99
4294967278,68
4294967278,295
4294967279,68
4294967279,288
4294967278,239
4294967294,1415
4294967294,82
4294967279,180
4294967278,66
4294967278,423
4294967294,84
4294967278,178
4294967294,92
4294967294,90
4294967294,88
4294967294,86
4294967279,65
4294967279,248
4294967278,64
4294967278,255
4294967279,173
4294967294,107
4294967279,170
4294967279,167
4294967279,54
4294967279,341
4294967279,45
4294967279,162
4294967279,161
4294967279,157
761,5
761,4
761,3
761,2
761,1
4294967279,154
4294967279,39
4294967294,1101
4294967294,1000
4294967279,539
759,6
759,5
759,4
759,3
759,2
759,1
4294967279,142
4294967279,139
4294967279,272
4294967279,136
4294967279,23
4294967279,267
4294967279,133
4294967279,279
4294967279,280
4294967279,6
